SPEAKER_01: 0.03096875 - 22.086593750000002: |0.0 -  A worker strike, which started at UC Santa Cruz last week, is now expanding across the state. Today, academic workers at UCLA and UC Davis walked off the job.- 10.479999542236328|10.479999542236328 -  It's over the UC system's handling of recent pro-Palestinian protests on campus and what they say are unfair labor practices.- 18.559999465942383

SPEAKER_00: 10.375343750000003 - 10.425968750000003: 

SPEAKER_03: 22.81221875 - 53.03534375: |18.559999465942383 -  NBC Bay Area's Marianne Favre reports from UC Santa Cruz. About 2,000 UC Santa Cruz academic workers walked off the job on May 20th and you can see that they are still out here protesting unfair labor practices.- 33.52000045776367|34.2400016784668 -  When workers are united, we cannot be divided. Instead of teaching students inside the classroom, more than 200 UC Santa Cruz academic workers are outside walking the picket line.- 47.040000915527344|47.040000915527344 -  Not for higher pay, but to have UC administrators change the way they treat protesting students on all UC campuses.- 55.68000030517578

SPEAKER_02: 53.03534375 - 70.04534375: |55.68000030517578 -  We're out here on strike over the unfair labor practice charges that our union has filed against the UC for unleashing the police on protesters down at UCLA, UC Irvine, UC San Diego.- 69.5199966430664

SPEAKER_03: 70.04534375 - 70.11284375000001: 

SPEAKER_03: 71.54721875 - 87.03846875: |71.44000244140625 -  This afternoon, some students put up boards to block one of the entrances to UC Santa Cruz and now their call for change just got a lot louder as 12,000 more UC academic workers walked off the job at UC Davis and here at UCLA.- 89.12000274658203

SPEAKER_00: 87.03846875 - 106.96784375: |89.12000274658203 -  We were the first campus here at Santa Cruz to stand up last week and we're very honored to do that in solidarity with, you know, workers around the state and now I think we are also very happy to see that, you know, the workers at UCLA and UC Davis who've been raring to go are now also on strike with us.- 105.83999633789062

SPEAKER_03: 106.96784375 - 126.03659375000001: |105.83999633789062 -  The UC's office of the president calls the strike illegal, saying the contract with the union has a no-strike provision.- 113.04000091552734|113.04000091552734 -  The union disagrees. Here at UC Santa Cruz, the striking workers include teaching assistants, researchers and graders.- 121.19999694824219

SPEAKER_02: 126.03659375000001 - 138.96284375000002: |121.19999694824219 -  They say the strike is authorized through June 30th and could impact students. If the UC doesn't come to the table and resolve these unfair labor practices, you know, dropping charges, recognizing their violations, then it's possible that grades will be withheld.- 137.67999267578125

SPEAKER_03: 138.96284375000002 - 174.73784375000002: |137.67999267578125 -  We reached out to UC Santa Cruz, which issued a statement saying, our primary goal is to minimize the disruptive impact, especially given the many educational and research challenges that have affected students and researchers in recent years.- 153.0399932861328|153.0399932861328 -  But the university did not say exactly how it plans to minimize disruptions caused by the walkout. The striking workers say they anticipate even more academic workers from other UC campuses will join their protests starting next week.- 169.60000610351562

